[gd_scene load_steps=5 format=3 uid="uid://6b7rahl8m3so"]

[ext_resource type="PackedScene" uid="uid://b06ax3df83rv0" path="res://block.tscn" id="1_ig7tw"]
[ext_resource type="PackedScene" uid="uid://ceffkr4qoth3j" path="res://player.tscn" id="2_0xm2m"]

[sub_resource type="BoxMesh" id="BoxMesh_7dm0k"]
size = Vector3(10, 0.5, 10)

[sub_resource type="BoxShape3D" id="BoxShape3D_7dm0k"]
size = Vector3(10, 0.5, 10)

[node name="main" type="Node3D"]

[node name="Camera3D" type="Camera3D" parent="."]
transform = Transform3D(1, 0, 0, 0, 0.8660254, 0.5, 0, -0.5, 0.8660254, 0, 3, 7)

[node name="Floor" type="StaticBody3D" parent="."]
transform = Transform3D(1, 0, 0, 0, 1, 0, 0, 0, 1, 0, -0.25, 0)
metadata/_edit_group_ = true

[node name="MeshInstance3D" type="MeshInstance3D" parent="Floor"]
mesh = SubResource("BoxMesh_7dm0k")

[node name="CollisionShape3D" type="CollisionShape3D" parent="Floor"]
shape = SubResource("BoxShape3D_7dm0k")

[node name="DirectionalLight3D" type="DirectionalLight3D" parent="."]
transform = Transform3D(0.7284356, 0.5603967, -0.39412844, -0.14012489, 0.68497723, 0.7149624, 0.6706315, -0.4655769, 0.5774873, 0, 8.739316, 0)
shadow_enabled = true

[node name="Player" parent="." instance=ExtResource("2_0xm2m")]
transform = Transform3D(1, 0, 0, 0, 1, 0, 0, 0, 1, 0, 0.6239039, 3.049056)

[node name="Blocks" type="Node3D" parent="."]

[node name="Block1" parent="Blocks" instance=ExtResource("1_ig7tw")]
transform = Transform3D(0.88385546, -0.46776012, 0, 0.4219999, 0.7973893, 0.43137732, -0.20178111, -0.3812752, 0.9021716, 0, 4.551635, -0.5247035)

[node name="Block2" parent="Blocks" instance=ExtResource("1_ig7tw")]
transform = Transform3D(0.88385546, -0.46776012, 0, 0.4219999, 0.7973893, 0.43137732, -0.20178111, -0.3812752, 0.9021716, 0, 3.048264, 0)

[node name="Block3" parent="Blocks" instance=ExtResource("1_ig7tw")]
transform = Transform3D(0.88385546, -0.46776012, 0, 0.4219999, 0.7973893, 0.43137732, -0.20178111, -0.3812752, 0.9021716, 0, 6.1446414, 1.2319806)

[node name="Block4" parent="Blocks" instance=ExtResource("1_ig7tw")]
transform = Transform3D(0.88385546, -0.46776012, 0, 0.4219999, 0.7973893, 0.43137732, -0.20178111, -0.3812752, 0.9021716, 0, 4.718977, 2.351336)
